%YAML:1.0
---
Calibrate_Accuracy: 8.5763414204057309e-01
Camera_Matrix: !!opencv-matrix
   rows: 3
   cols: 3
   dt: d
   data: [ 7.3870799547021295e+02, 0., 3.1950000000000000e+02, 0.,
       7.3870799547021295e+02, 2.3950000000000000e+02, 0., 0., 1. ]
Distortion_Coefficients: !!opencv-matrix
   rows: 5
   cols: 1
   dt: d
   data: [ 2.8105384344553706e-02, 9.5083127646815691e-01, 0., 0.,
       8.6927472977145293e-01 ]
Rotation_Vector:
   - !!opencv-matrix
      rows: 3
      cols: 1
      dt: d
      data: [ 8.1963549179797771e-02, 8.2090852603672951e-03,
          -3.8154254521799488e-03 ]
   - !!opencv-matrix
      rows: 3
      cols: 1
      dt: d
      data: [ 7.7706671926439166e-02, 2.2125395788212550e-02,
          3.7473189566839266e-01 ]
   - !!opencv-matrix
      rows: 3
      cols: 1
      dt: d
      data: [ 7.2612232766339144e-02, -1.6854195985717538e-01,
          1.5353960025376674e+00 ]
   - !!opencv-matrix
      rows: 3
      cols: 1
      dt: d
      data: [ 1.4594184668058466e-01, -1.5772073209271961e-01,
          1.9745214599516445e+00 ]
   - !!opencv-matrix
      rows: 3
      cols: 1
      dt: d
      data: [ 2.0073987157902079e-01, 3.9501726676120180e-01,
          2.2548677841260627e+00 ]
   - !!opencv-matrix
      rows: 3
      cols: 1
      dt: d
      data: [ 4.6006516039237366e-01, 9.3153178125874714e-01,
          2.6061166335969785e+00 ]
   - !!opencv-matrix
      rows: 3
      cols: 1
      dt: d
      data: [ 4.8302047261516429e-01, -6.9104001486851321e-02,
          1.6159044110804885e+00 ]
   - !!opencv-matrix
      rows: 3
      cols: 1
      dt: d
      data: [ -4.0426379076008584e-01, 7.7311759990337514e-01,
          2.6367768247393739e+00 ]
   - !!opencv-matrix
      rows: 3
      cols: 1
      dt: d
      data: [ 6.7608970539597768e-01, -2.7447595832054361e-01,
          -6.9713674956694158e-02 ]
   - !!opencv-matrix
      rows: 3
      cols: 1
      dt: d
      data: [ 1.5645335933400548e-01, -5.6741856798891566e-01,
          1.7991971837396026e+00 ]
   - !!opencv-matrix
      rows: 3
      cols: 1
      dt: d
      data: [ 3.9015124580082433e-01, -1.0450415929551491e+00,
          2.4261792699507256e+00 ]
   - !!opencv-matrix
      rows: 3
      cols: 1
      dt: d
      data: [ -1.0080758565657690e+00, -2.2284481222903921e-01,
          -1.7476152363181649e-01 ]
Translation_vector:
   - !!opencv-matrix
      rows: 3
      cols: 1
      dt: d
      data: [ -9.8342257291640465e+01, -4.6013788063694314e+01,
          3.5504058837042726e+02 ]
   - !!opencv-matrix
      rows: 3
      cols: 1
      dt: d
      data: [ -4.1624902594164503e+01, -7.6789385361826533e+01,
          3.9657406234349560e+02 ]
   - !!opencv-matrix
      rows: 3
      cols: 1
      dt: d
      data: [ 8.5840344544056620e+01, -7.1267231455723646e+01,
          4.0234786537122045e+02 ]
   - !!opencv-matrix
      rows: 3
      cols: 1
      dt: d
      data: [ 9.0272546889467364e+01, -5.1105364579713140e+01,
          4.4890989842133570e+02 ]
   - !!opencv-matrix
      rows: 3
      cols: 1
      dt: d
      data: [ 1.0272783670111676e+02, -2.2951572228374896e+01,
          4.5470929357246820e+02 ]
   - !!opencv-matrix
      rows: 3
      cols: 1
      dt: d
      data: [ 9.0763883261066184e+01, 4.1813879460395135e+01,
          4.2604463178509639e+02 ]
   - !!opencv-matrix
      rows: 3
      cols: 1
      dt: d
      data: [ 1.2506050039850885e+01, -6.8972302596649456e+01,
          3.9774827947003018e+02 ]
   - !!opencv-matrix
      rows: 3
      cols: 1
      dt: d
      data: [ 6.9635400062205861e+01, 3.5763239906787256e+01,
          4.7006521835318551e+02 ]
   - !!opencv-matrix
      rows: 3
      cols: 1
      dt: d
      data: [ -8.5589540114590136e+01, -1.0523284039239767e+01,
          3.5857955276831314e+02 ]
   - !!opencv-matrix
      rows: 3
      cols: 1
      dt: d
      data: [ 7.7350379690473602e+01, -4.9135184225143774e+01,
          3.8617851583100241e+02 ]
   - !!opencv-matrix
      rows: 3
      cols: 1
      dt: d
      data: [ 7.8554267166391327e+01, 5.3634502770442410e+01,
          4.0106917636745681e+02 ]
   - !!opencv-matrix
      rows: 3
      cols: 1
      dt: d
      data: [ -1.0566832629922600e+02, -3.0759905456828442e+01,
          4.2304235205911579e+02 ]
extrinsic_parameters: !!opencv-matrix
   rows: 12
   cols: 6
   dt: d
   data: [ 8.1963549179797771e-02, 8.2090852603672951e-03,
       -3.8154254521799488e-03, -9.8342257291640465e+01,
       -4.6013788063694314e+01, 3.5504058837042726e+02,
       7.7706671926439166e-02, 2.2125395788212550e-02,
       3.7473189566839266e-01, -4.1624902594164503e+01,
       -7.6789385361826533e+01, 3.9657406234349560e+02,
       7.2612232766339144e-02, -1.6854195985717538e-01,
       1.5353960025376674e+00, 8.5840344544056620e+01,
       -7.1267231455723646e+01, 4.0234786537122045e+02,
       1.4594184668058466e-01, -1.5772073209271961e-01,
       1.9745214599516445e+00, 9.0272546889467364e+01,
       -5.1105364579713140e+01, 4.4890989842133570e+02,
       2.0073987157902079e-01, 3.9501726676120180e-01,
       2.2548677841260627e+00, 1.0272783670111676e+02,
       -2.2951572228374896e+01, 4.5470929357246820e+02,
       4.6006516039237366e-01, 9.3153178125874714e-01,
       2.6061166335969785e+00, 9.0763883261066184e+01,
       4.1813879460395135e+01, 4.2604463178509639e+02,
       4.8302047261516429e-01, -6.9104001486851321e-02,
       1.6159044110804885e+00, 1.2506050039850885e+01,
       -6.8972302596649456e+01, 3.9774827947003018e+02,
       -4.0426379076008584e-01, 7.7311759990337514e-01,
       2.6367768247393739e+00, 6.9635400062205861e+01,
       3.5763239906787256e+01, 4.7006521835318551e+02,
       6.7608970539597768e-01, -2.7447595832054361e-01,
       -6.9713674956694158e-02, -8.5589540114590136e+01,
       -1.0523284039239767e+01, 3.5857955276831314e+02,
       1.5645335933400548e-01, -5.6741856798891566e-01,
       1.7991971837396026e+00, 7.7350379690473602e+01,
       -4.9135184225143774e+01, 3.8617851583100241e+02,
       3.9015124580082433e-01, -1.0450415929551491e+00,
       2.4261792699507256e+00, 7.8554267166391327e+01,
       5.3634502770442410e+01, 4.0106917636745681e+02,
       -1.0080758565657690e+00, -2.2284481222903921e-01,
       -1.7476152363181649e-01, -1.0566832629922600e+02,
       -3.0759905456828442e+01, 4.2304235205911579e+02 ]
